2.225422175677444717e-03
2.504972361692334171e-02
1.804534456038410783e-01
1.197589618637805164e-02
0.000000000000000000e+00
3.800531229809677911e-05
2.090292176395322932e-03
2.955968734296416078e-05
5.658568719938854080e-04
0.000000000000000000e+00
1.934048114725369456e-03
1.562440616699534157e-02
1.489217048338534466e-01
1.177700171868467788e-01
1.508388616986685443e-02
2.533687486539785161e-05
0.000000000000000000e+00
3.679758792951281360e-02
1.926024771017993339e-02
1.455687917266657860e-01
1.075888163034344203e-01
7.263237461414051577e-02
1.097931244167240316e-04
2.018926645524452279e-01
1.351299992821218716e-03
7.381476210785907488e-03
2.124919238711366412e-02
1.942493739680502013e-04
3.914547166703968330e-03
4.358787039343944153e-02
2.569708076973425959e-01
2.539599424008378084e-02
2.913740609520753156e-04
1.000000000000000000e+00
1.023736428936400239e-01
1.685915653543573201e-01
1.619448585146679442e-02
1.365066361498084857e-01
3.159846120713317719e-01
8.732353922359370468e-02
7.307408079929395006e-01
7.802195017925839249e-01
7.972669957645190514e-03
5.869709343817169044e-03
